successRadio:
1.0	
1.0	
1.0	
1.0	
1.0	
1.0	
1.0	
0.9975	
0.9977777777777778	
0.998	
0.9981818181818182	
0.9983333333333333	
0.9984615384615385	
0.9985714285714286	
0.9986666666666667	
0.99875	
0.9988235294117647	
0.9988888888888889	
0.9989473684210526	
0.999	
0.9990476190476191	
0.9990909090909091	
0.9991304347826087	
0.9991666666666666	
0.9992	
0.9992307692307693	
0.9992592592592593	
0.9992857142857143	
0.9993103448275862	
0.9993333333333333	
0.9993548387096775	
0.999375	
0.9987878787878788	
0.9988235294117647	
0.9988571428571429	
0.9988888888888889	
0.9989189189189189	
0.9989473684210526	
0.9989743589743589	
0.999	
0.9990243902439024	
0.9990476190476191	
0.9990697674418605	
0.9990909090909091	
0.9991111111111111	
0.9991304347826087	
0.9991489361702127	
0.9991666666666666	
0.9991836734693877	
0.9992	
0.9992156862745099	
0.9992307692307693	
0.999245283018868	
0.9992592592592593	
0.9992727272727273	
0.9992857142857143	
0.9992982456140351	
0.9993103448275862	
0.9993220338983051	
0.9993333333333333	
0.999344262295082	
0.9993548387096775	
0.9993650793650793	
0.999375	
0.9993846153846154	
0.9993939393939394	
0.9994029850746269	
0.9994117647058823	
0.9994202898550725	
0.9994285714285714	
0.9994366197183099	
0.9994444444444445	
0.9994520547945206	
0.9994594594594595	
0.9994666666666666	
0.9994736842105263	
0.9994805194805195	
0.9994871794871795	
0.999493670886076	
0.9995	
0.9995061728395062	
0.9995121951219512	
0.9995180722891567	
0.9995238095238095	
0.9995294117647059	
0.9995348837209302	
0.9995402298850574	
0.9995454545454545	
0.9995505617977528	
0.9995555555555555	
0.9995604395604396	
0.9995652173913043	
0.9995698924731182	
0.9995744680851064	
0.999578947368421	
0.9995833333333334	
0.9995876288659794	
0.9995918367346939	
0.9995959595959596	
0.9996	
0.9996039603960396	
0.9996078431372549	
0.9996116504854369	
0.9996153846153846	
0.9996190476190476	
0.9996226415094339	
0.9996261682242991	
0.9996296296296296	
0.9996330275229358	
0.9996363636363637	
0.9996396396396396	
0.9996428571428572	
0.9996460176991151	
0.9996491228070176	
0.9996521739130435	
0.9996551724137931	
0.9996581196581197	
0.9996610169491525	
0.9996638655462184	
0.9996666666666667	
0.9996694214876033	
0.9996721311475409	
0.9996747967479674	
0.9996774193548387	
0.99968	
0.9996825396825397	
0.9996850393700787	
0.9996875	
0.9996899224806202	
0.9996923076923077	
0.9996946564885496	
0.9996969696969698	
0.9996992481203008	
0.9997014925373134	
0.9997037037037036	
0.9997058823529412	
0.9997080291970802	
0.9997101449275362	
0.9995683453237411	
0.9995714285714286	
0.9994326241134752	
0.9994366197183099	
0.9994405594405594	
0.9994444444444445	
0.999448275862069	
0.9994520547945206	
0.9994557823129252	
0.9994594594594595	
0.9994630872483221	
0.9994666666666666	
0.9994701986754967	
0.9994736842105263	
0.9994771241830065	
0.9994805194805195	
0.9994838709677419	
0.9994871794871795	
0.9994904458598726	
0.999493670886076	
0.9994968553459119	
0.9995	
0.9995031055900621	
0.9995061728395062	
0.9995092024539878	
0.9995121951219512	
0.9995151515151515	
0.9995180722891567	
0.9995209580838323	
0.9995238095238095	
0.9995266272189349	
0.9995294117647059	
0.99953216374269	
0.9991860465116279	
0.9991907514450867	
0.999080459770115	
0.9990857142857142	
0.9990909090909091	
0.9990960451977401	
0.9991011235955056	
0.9991061452513966	
0.9991111111111111	
0.9991160220994475	
0.9991208791208791	
0.9991256830601093	
0.9991304347826087	
0.9991351351351352	
0.9991397849462366	
0.999144385026738	
0.9991489361702127	
0.9991534391534391	
0.9991578947368421	
0.9991623036649214	
0.9991666666666666	
0.9991709844559585	
0.9991752577319588	
0.9991794871794871	
0.9991836734693877	
0.9991878172588833	
0.9991919191919192	
0.9991959798994975	
0.9992	
