successRadio:
1.0	
1.0	
1.0	
1.0	
1.0	
1.0	
1.0	
1.0	
1.0	
1.0	
0.9981818181818182	
0.9966666666666667	
0.9969230769230769	
0.9957142857142857	
0.996	
0.99625	
0.9964705882352941	
0.9966666666666667	
0.9957894736842106	
0.996	
0.9961904761904762	
0.9963636363636363	
0.9965217391304347	
0.9966666666666667	
0.9968	
0.9969230769230769	
0.997037037037037	
0.9971428571428571	
0.9972413793103448	
0.996	
0.9954838709677419	
0.995625	
0.9957575757575757	
0.9958823529411764	
0.996	
0.9961111111111111	
0.9962162162162163	
0.9963157894736843	
0.9964102564102564	
0.9965	
0.9965853658536585	
0.9966666666666667	
0.9967441860465116	
0.9968181818181818	
0.9968888888888889	
0.9969565217391304	
0.9970212765957447	
0.9970833333333333	
0.9971428571428571	
0.9972	
0.9972549019607844	
0.9973076923076923	
0.9973584905660378	
0.9974074074074074	
0.9974545454545455	
0.9975	
0.9975438596491228	
0.9975862068965518	
0.9976271186440678	
0.9976666666666667	
0.9977049180327869	
0.997741935483871	
0.9977777777777778	
0.9978125	
0.9978461538461538	
0.996969696969697	
0.9967164179104477	
0.9967647058823529	
0.9968115942028986	
0.9968571428571429	
0.9969014084507042	
0.9969444444444444	
0.996986301369863	
0.9970270270270271	
0.9970666666666667	
0.9971052631578947	
0.9971428571428571	
0.9971794871794872	
0.9972151898734177	
0.99725	
0.9972839506172839	
0.9973170731707317	
0.9973493975903615	
0.9973809523809524	
0.9974117647058823	
0.9974418604651163	
0.9974712643678161	
0.9975	
0.9975280898876404	
0.9975555555555555	
0.9975824175824176	
0.9976086956521739	
0.9976344086021506	
0.9976595744680851	
0.9976842105263158	
0.9977083333333333	
0.9977319587628866	
0.9977551020408163	
0.9977777777777778	
0.9978	
0.9978217821782178	
0.9978431372549019	
0.9978640776699029	
0.9978846153846154	
0.9979047619047619	
0.9979245283018868	
0.9979439252336448	
0.9979629629629629	
0.9979816513761468	
0.998	
0.998018018018018	
0.9980357142857142	
0.9980530973451327	
0.9980701754385964	
0.9980869565217392	
0.9981034482758621	
0.9981196581196581	
0.998135593220339	
0.9981512605042017	
0.9981666666666666	
0.9981818181818182	
0.9981967213114754	
0.9982113821138211	
0.9980645161290322	
0.99808	
0.9980952380952381	
0.9981102362204725	
0.998125	
0.998139534883721	
0.9981538461538462	
0.9981679389312977	
0.9981818181818182	
0.9981954887218045	
0.9982089552238806	
0.9982222222222222	
0.9982352941176471	
0.9982481751824818	
0.9982608695652174	
0.9979856115107913	
0.998	
0.9980141843971632	
0.9980281690140845	
0.998041958041958	
0.9980555555555556	
0.9980689655172413	
0.9980821917808219	
0.9980952380952381	
0.9981081081081081	
0.9981208053691275	
0.9981333333333333	
0.9981456953642384	
0.9981578947368421	
0.9981699346405228	
0.9981818181818182	
0.9981935483870967	
0.9982051282051282	
0.9982165605095541	
0.9982278481012659	
0.9982389937106918	
0.99825	
0.9982608695652174	
0.9982716049382716	
0.9979141104294479	
0.9979268292682927	
0.9979393939393939	
0.9979518072289156	
0.9979640718562874	
0.9979761904761905	
0.9979881656804733	
0.998	
0.9975438596491228	
0.996860465116279	
0.9967630057803468	
0.9967816091954023	
0.9965714285714286	
0.9965909090909091	
0.9966101694915255	
0.996629213483146	
0.9966480446927374	
0.9966666666666667	
0.9966850828729282	
0.9965934065934066	
0.9966120218579235	
0.9966304347826087	
0.9966486486486487	
0.9966666666666667	
0.9966844919786096	
0.9967021276595744	
0.9967195767195767	
0.9967368421052631	
0.9967539267015707	
0.9967708333333334	
0.9967875647668394	
0.9968041237113402	
0.9968205128205129	
0.9968367346938776	
0.9968527918781726	
0.9968686868686869	
0.9968844221105527	
0.9969	
0.9969154228855721	
0.9969306930693069	
0.9969458128078817	
0.9969607843137255	
0.9969756097560976	
0.9969902912621359	
0.9970048309178744	
0.9970192307692308	
0.9970334928229665	
0.9968571428571429	
0.9968720379146919	
0.9968867924528302	
0.9969014084507042	
0.9969158878504673	
0.9969302325581395	
0.9969444444444444	
0.9969585253456221	
0.9969724770642202	
0.996986301369863	
0.997	
0.9970135746606335	
0.9970270270270271	
0.9970403587443947	
0.9970535714285714	
0.9970666666666667	
0.9970796460176992	
0.9970925110132158	
0.9971052631578947	
0.997117903930131	
0.9971304347826087	
0.9971428571428571	
0.9971551724137931	
0.9971673819742489	
0.9971794871794872	
0.9971914893617021	
0.9972033898305085	
0.9972151898734177	
0.9972268907563026	
0.9972384937238493	
0.99725	
0.9972614107883817	
0.9972727272727273	
0.9972839506172839	
0.9972950819672131	
0.9973061224489795	
0.9973170731707317	
0.997327935222672	
0.9973387096774193	
0.9973493975903615	
0.99736	
0.9973705179282869	
0.9973809523809524	
0.9973913043478261	
0.9974015748031496	
0.9974117647058823	
0.997421875	
0.997431906614786	
0.9974418604651163	
0.9974517374517374	
0.9974615384615385	
0.9974712643678161	
0.9974809160305343	
0.997490494296578	
0.9975	
0.9975094339622641	
0.9975187969924812	
0.9975280898876404	
0.9975373134328358	
0.997546468401487	
0.9975555555555555	
0.9975645756457565	
0.9975735294117647	
0.9975824175824176	
0.9975912408759124	
0.9976	
0.9976086956521739	
0.9976173285198556	
0.9976258992805755	
0.9976344086021506	
0.9976428571428572	
0.9976512455516015	
0.9976595744680851	
0.9976678445229682	
0.9976760563380281	
0.9976842105263158	
0.9976923076923077	
0.9977003484320558	
0.9977083333333333	
0.9977162629757785	
0.9977241379310345	
0.9976632302405498	
0.9976027397260274	
0.9976109215017065	
0.9976190476190476	
0.9976271186440678	
0.9976351351351351	
0.9976430976430977	
0.9975838926174496	
0.9975919732441472	
0.9976	
0.9976079734219269	
0.997615894039735	
0.9976237623762376	
0.9976315789473684	
0.9976393442622951	
0.9976470588235294	
0.9976547231270358	
0.9976623376623377	
0.9976699029126214	
0.9976774193548387	
0.9976848874598071	
0.9976923076923077	
0.9976996805111821	
0.9977070063694268	
0.9977142857142857	
0.9977215189873417	
0.9977287066246057	
0.9977358490566037	
0.997742946708464	
0.99775	
0.9977570093457944	
0.9977639751552795	
0.9977708978328174	
0.9977777777777778	
0.9977846153846154	
0.9977914110429448	
0.9977981651376147	
0.9978048780487805	
0.9978115501519756	
0.9978181818181818	
0.9978247734138973	
0.9978313253012048	
0.9978378378378379	
0.9978443113772455	
0.9978507462686567	
0.9978571428571429	
0.9978635014836795	
0.9978698224852071	
0.9978761061946902	
0.9978823529411764	
0.9978885630498534	
0.9978947368421053	
0.9979008746355685	
0.997906976744186	
0.9979130434782608	
0.9979190751445086	
0.9979250720461095	
0.9979310344827587	
0.9979369627507163	
0.9979428571428571	
0.997948717948718	
0.9979545454545454	
0.9979603399433428	
0.9979661016949153	
0.9979718309859155	
0.9979775280898876	
0.9977591036414566	
0.9975977653631285	
0.9975487465181059	
0.9975555555555555	
0.9975623268698061	
0.9975690607734806	
0.9975757575757576	
0.9975824175824176	
0.9975890410958904	
0.9975956284153006	
0.9976021798365122	
0.9976086956521739	
0.9976151761517615	
0.9976216216216216	
0.9976280323450135	
0.9976344086021506	
0.9976407506702413	
0.9976470588235294	
0.9976533333333333	
0.9976595744680851	
0.9976127320954907	
0.9976190476190476	
0.9976253298153034	
0.9976315789473684	
0.9976377952755906	
0.9976439790575916	
0.9976501305483029	
0.99765625	
0.9975584415584415	
0.9975647668393782	
0.9975710594315246	
0.9975773195876289	
0.9975835475578406	
0.9975897435897436	
0.9975959079283887	
0.9976020408163265	
0.9976081424936387	
0.9976142131979695	
0.9976202531645569	
0.9976262626262626	
0.9975818639798488	
0.9975879396984925	
0.997593984962406	
0.9976	
0.9976059850374065	
0.9976119402985074	
0.9976178660049628	
0.9976237623762376	
0.9976296296296296	
0.9976354679802956	
0.9976412776412776	
0.9976470588235294	
0.9976528117359413	
0.9976585365853659	
0.9976642335766424	
0.9976699029126214	
0.9976755447941889	
0.9976811594202899	
0.9976867469879518	
0.9976923076923077	
0.9976978417266187	
0.9977033492822966	
0.9976133651551312	
0.9975238095238095	
0.9975296912114014	
0.9975355450236967	
0.9975413711583925	
0.9975	
0.9975058823529411	
0.9975117370892019	
0.9975175644028103	
0.9975233644859813	
0.9975291375291375	
0.9975348837209302	
0.9975406032482599	
0.9975462962962963	
0.9975519630484988	
0.9975576036866359	
0.9975632183908046	
0.9975688073394495	
0.9975743707093822	
0.997579908675799	
0.9975854214123007	
0.9975909090909091	
0.9975963718820862	
0.9976018099547511	
0.9976072234762979	
0.9976126126126126	
0.9976179775280899	
0.9976233183856502	
0.9976286353467562	
0.9976339285714285	
0.9976391982182629	
0.9976444444444444	
0.997649667405765	
0.9976548672566372	
0.9976600441501103	
0.9976651982378855	
0.9976703296703296	
0.9976754385964912	
0.9976805251641138	
0.9976855895196507	
0.9976906318082789	
0.9976956521739131	
0.9977006507592191	
0.9977056277056277	
0.9977105831533477	
0.9977155172413793	
0.9977204301075269	
0.997725321888412	
0.997730192719486	
0.9977350427350428	
0.9977398720682302	
0.9977446808510638	
0.9977494692144374	
0.9977542372881356	
0.9977589852008457	
0.9977637130801688	
0.9977684210526315	
0.9977731092436974	
0.9977777777777778	
0.9977824267782427	
0.9977870563674321	
0.9977916666666666	
0.9977962577962578	
0.9978008298755187	
0.9978053830227743	
0.997809917355372	
0.9978144329896907	
0.9978189300411523	
0.99782340862423	
0.997827868852459	
0.9978323108384458	
0.9978367346938776	
0.9978411405295315	
0.9978455284552845	
0.9978093306288033	
0.9977327935222672	
0.9976969696969697	
0.9977016129032258	
0.9976659959758551	
0.9976706827309237	
0.9976753507014028	
0.99768	
0.997684630738523	
0.9976892430278884	
0.9976938369781312	
0.9976984126984128	
0.9977029702970297	
0.9977075098814229	
0.9977120315581854	
0.9977165354330708	
0.997721021611002	
0.9977254901960785	
0.9977299412915851	
0.997734375	
0.9977387914230019	
0.9977431906614787	
0.997747572815534	
0.9977519379844961	
0.9977562862669246	
0.9977606177606178	
0.9977649325626204	
0.9977692307692307	
0.9977735124760077	
0.9977777777777778	
0.9977820267686425	
0.9977862595419847	
0.9977904761904762	
0.9977946768060837	
0.9977988614800759	
0.9978030303030303	
0.9978071833648393	
0.997811320754717	
0.9978154425612052	
0.9978195488721805	
0.9978236397748593	
0.9978277153558053	
0.9978317757009346	
0.9978358208955224	
0.9978398510242086	
0.9978438661710037	
0.997847866419295	
0.9978148148148148	
0.997818853974122	
0.9978228782287822	
0.9978268876611418	
0.9978308823529412	
0.9977981651376147	
0.9978021978021978	
0.9978062157221207	
0.9977372262773723	
0.9976684881602914	
0.9976727272727273	
0.9976769509981851	
0.9976811594202899	
0.9976853526220615	
0.9976895306859206	
0.9976936936936937	
0.9976978417266187	
0.9977019748653501	
0.9977060931899642	
0.9977101967799642	
0.9977142857142857	
0.9977183600713012	
0.9977224199288256	
0.9977264653641208	
0.9977304964539007	
0.9977345132743363	
0.9977385159010601	
0.9977425044091711	
0.9977464788732394	
0.9977504393673111	
0.9977543859649123	
0.9977583187390543	
0.9977622377622377	
0.9977661431064573	
0.9977700348432056	
0.9977739130434783	
0.9977777777777778	
0.9977816291161179	
0.9977162629757785	
0.997720207253886	
0.9976896551724138	
0.9976936316695353	
0.9976975945017182	
0.9977015437392796	
0.9977054794520548	
0.9977094017094017	
0.9977133105802047	
0.9977172061328791	
0.9977210884353741	
0.9977249575551783	
0.9977288135593221	
0.9977326565143824	
0.9977364864864865	
0.9977403035413154	
0.9977441077441077	
0.9977478991596639	
0.997751677852349	
0.9977554438860972	
0.9977591973244148	
0.997762938230384	
0.9977666666666667	
0.9977703826955074	
0.9977740863787375	
0.9977777777777778	
0.9977814569536424	
0.9977851239669422	
0.9977887788778877	
0.9977924217462932	
0.997796052631579	
0.997799671592775	
0.9978032786885246	
0.9978068739770868	
0.9978104575163399	
0.9978140293637847	
0.9978175895765472	
0.9978211382113821	
0.9978246753246753	
0.9978282009724473	
0.997831715210356	
0.9978352180936995	
0.9978387096774194	
0.9978421900161031	
0.9978456591639872	
0.9978491171749598	
0.9978525641025641	
0.997856	
0.9978594249201278	
0.9978628389154705	
0.9978662420382166	
0.9978696343402226	
0.9978730158730159	
0.9978763866877971	
0.997879746835443	
0.9978830963665087	
0.9978864353312303	
0.9978897637795275	
0.9978930817610063	
0.9978963893249607	
0.9978996865203762	
0.9979029733959311	
0.99790625	
0.9979095163806553	
0.9979127725856698	
0.9979160186625194	
0.997919254658385	
0.997922480620155	
0.9978328173374613	
0.997774343122102	
0.9977777777777778	
0.9977812018489984	
0.9977846153846154	
0.9977880184331798	
0.9977914110429448	
0.9977947932618683	
0.9977981651376147	
0.9978015267175573	
0.9978048780487805	
0.9978082191780822	
0.9978115501519756	
0.997814871016692	
0.9978181818181818	
0.997821482602118	
0.9978247734138973	
0.9978280542986425	
0.9978313253012048	
0.9978345864661654	
0.9978378378378379	
0.9978410794602699	
0.9978443113772455	
0.997847533632287	
0.9978507462686567	
0.9978539493293591	
0.9978571428571429	
0.9978603268945022	
0.9978635014836795	
0.9978666666666667	
0.9978698224852071	
0.9978729689807977	
0.9978761061946902	
0.9978792341678939	
0.9978823529411764	
0.997885462555066	
0.9978885630498534	
0.997891654465593	
0.9978947368421053	
0.997897810218978	
0.9979008746355685	
0.9979039301310043	
0.997906976744186	
0.9979100145137881	
0.9979130434782608	
0.9979160636758321	
0.9979190751445086	
0.9979220779220779	
0.9978674351585014	
0.9977841726618705	
0.9977011494252873	
0.9976757532281205	
0.997650429799427	
0.9976537911301859	
0.9976571428571429	
0.997660485021398	
0.9976638176638176	
0.9976671408250356	
0.9976704545454546	
0.9976737588652482	
0.9976770538243626	
0.9976803394625177	
0.9976836158192091	
0.9976868829337094	
0.9976901408450705	
0.9976933895921237	
0.9976966292134831	
0.9976998597475456	
0.997703081232493	
0.9977062937062937	
0.9977094972067039	
0.9977126917712692	
0.9977158774373259	
0.9976912378303199	
0.9976944444444444	
0.9976976421636616	
0.9977008310249308	
0.997704011065007	
0.997707182320442	
0.9977103448275862	
0.9977134986225895	
0.997716643741403	
0.9977197802197803	
0.9977229080932785	
0.9977260273972602	
0.9977291381668947	
0.9977322404371585	
0.9977353342428377	
0.9977384196185286	
0.9977414965986394	
0.9977445652173913	
0.9977476255088196	
0.997750677506775	
0.9977537212449256	
0.9977567567567568	
0.9977597840755735	
0.9977628032345014	
0.9977119784656797	
0.9977150537634408	
0.9977181208053691	
0.9977211796246649	
0.9977242302543508	
0.9977272727272727	
0.9977303070761014	
0.9977333333333334	
0.9977363515312916	
0.9977393617021276	
0.997742363877822	
0.9977453580901857	
0.9977483443708609	
0.9977513227513227	
0.9977542932628798	
0.9977572559366754	
0.997760210803689	
0.9977631578947368	
0.997766097240473	
0.9977690288713911	
0.9977719528178244	
0.9977748691099476	
0.9977777777777778	
0.9977806788511749	
0.9977314211212517	
0.997734375	
0.9977373211963589	
0.9977142857142857	
0.9977172503242542	
0.997720207253886	
0.9977231565329884	
0.9977260981912145	
0.9977290322580645	
0.9977319587628866	
0.9977348777348778	
0.9977377892030849	
0.9977406931964057	
0.9977435897435898	
0.9977464788732394	
0.9977493606138107	
0.9977266922094509	
0.997704081632653	
0.9977070063694268	
0.9977099236641221	
0.997712833545108	
0.9977157360406091	
0.9977186311787072	
0.9977215189873417	
0.9976991150442478	
0.9977020202020203	
0.9977049180327869	
0.9977078085642317	
0.9977106918238994	
0.997713567839196	
0.9977164366373902	
0.997719298245614	
0.9977221526908636	
0.997725	
0.9977278401997504	
0.9977306733167083	
0.997733499377335	
0.9977363184079602	
0.9977391304347826	
0.997741935483871	
0.9977447335811648	
0.9977475247524753	
0.9977503090234858	
0.9977530864197531	
0.9977558569667078	
0.9977339901477833	
0.9977367773677737	
0.9977395577395577	
0.9977423312883436	
0.9977450980392157	
0.9977478580171358	
0.9977506112469438	
0.9977533577533577	
0.9977560975609756	
0.9977588306942753	
0.9977615571776156	
0.997764277035237	
0.9977669902912621	
0.997769696969697	
0.997772397094431	
0.9977750906892382	
0.9977777777777778	
0.9977804583835946	
0.9977831325301205	
0.9977858002406739	
0.9977884615384616	
0.9977911164465786	
0.9977937649880096	
0.9977964071856288	
0.9977990430622009	
0.9978016726403823	
0.997780429594272	
0.9977592371871276	
0.9977619047619047	
0.9977645659928657	
0.9977672209026128	
0.9977698695136418	
0.9977725118483413	
0.9977751479289941	
0.9977777777777778	
0.997780401416765	
0.9977830188679245	
0.9977856301531213	
0.9977882352941176	
0.9977908343125734	
0.9977934272300469	
0.9977960140679953	
0.9977985948477752	
0.9978011695906432	
0.997803738317757	
0.997806301050175	
0.9978088578088579	
0.9978114086146682	
0.9978139534883721	
0.9978164924506387	
0.9978190255220417	
0.9978215527230591	
0.997824074074074	
0.9978265895953757	
0.9978290993071594	
0.9978316032295271	
0.9978341013824885	
0.9978365937859609	
0.9978390804597701	
0.997841561423651	
0.9978440366972477	
0.9978465063001145	
0.9978489702517163	
0.9978514285714286	
0.9978538812785388	
0.9978563283922463	
0.9978587699316629	
0.9978612059158134	
0.9978636363636364	
0.9978660612939841	
0.9978684807256236	
0.9978708946772367	
0.9978733031674208	
0.9978757062146892	
0.9978781038374718	
0.997880496054115	
0.9978828828828828	
0.9978852643419572	
0.9978876404494382	
0.9978900112233445	
0.9978923766816143	
0.9978947368421053	
0.9978970917225951	
0.9978994413407821	
0.9979017857142857	
0.9979041248606466	
0.9979064587973274	
0.997908787541713	
0.9979111111111111	
0.9979134295227525	
0.9979157427937916	
0.9979180509413067	
0.9979203539823008	
0.9979226519337017	
0.997924944812362	
0.9979272326350607	
0.9979295154185022	
0.9979317931793179	
0.997934065934066	
0.9979363336992316	
0.9979385964912281	
0.9979408543263965	
0.9979431072210065	
0.9979453551912568	
0.9979475982532751	
0.9979498364231189	
0.9979520697167756	
0.9979542981501632	
0.9979565217391304	
0.9979587404994571	
0.9979609544468546	
0.9979631635969665	
0.9979653679653679	
0.9979675675675675	
0.9979697624190065	
0.9979719525350593	
0.9979741379310345	
0.9979763186221744	
0.997978494623656	
0.9979806659505908	
0.9979828326180258	
0.9979849946409431	
0.9979871520342612	
0.9979893048128342	
0.997991452991453	
0.9979935965848452	
0.997995735607676	
0.9979978700745474	
0.998	
0.9980021253985122	
0.9979830148619957	
0.9979851537645811	
0.9979872881355932	
0.997989417989418	
0.9979915433403805	
0.9979936642027455	
0.9979957805907173	
0.9979978925184405	
0.998	
0.9980021030494216	
0.9979831932773109	
0.9979853095487933	
0.9979874213836478	
0.9979895287958115	
0.9979916317991632	
0.9979937304075235	
0.9979958246346555	
0.9979979144942649	
0.998	
0.9980020811654526	
0.998004158004158	
0.998006230529595	
0.9980082987551867	
0.9980103626943005	
0.9980124223602485	
0.9980144777662875	
0.9980165289256199	
0.9980185758513932	
0.998020618556701	
0.9980226570545829	
0.9980246913580247	
0.9980267214799589	
0.9980287474332649	
0.9980307692307693	
0.9980327868852459	
0.9980348004094166	
0.9980368098159509	
0.9980388151174668	
0.9980408163265306	
0.9980428134556575	
0.9980448065173116	
0.9980467955239064	
0.9980487804878049	
0.9980507614213198	
0.998052738336714	
0.9980547112462006	
0.9980566801619433	
0.9980586450960566	
0.9980606060606061	
0.9980625630676084	
0.9980645161290322	
0.9980664652567975	
0.9980684104627766	
0.998070351758794	
0.9980722891566265	
0.998074222668004	
0.9980761523046092	
0.998078078078078	
0.99808	
0.9980619380619381	
0.998063872255489	
0.9980658025922233	
0.9980677290836654	
0.9980696517412936	
0.9980715705765407	
0.9980734856007945	
0.9980753968253968	
0.9980773042616452	
0.9980792079207921	
0.9980811078140455	
0.9980830039525692	
0.9980848963474828	
0.9980867850098619	
0.998088669950739	
0.9980905511811023	
0.9980924287118977	
0.9980943025540275	
0.9980961727183513	
0.9980980392156863	
0.9980999020568071	
0.9981017612524462	
0.9980645161290322	
0.99806640625	
0.9980682926829268	
0.9980701754385964	
0.9980720545277507	
0.9980739299610895	
0.9980758017492711	
0.9980776699029126	
0.9980795344325897	
0.9980813953488372	
0.998083252662149	
0.9980851063829788	
0.9980869565217392	
0.9980888030888031	
0.9980906460945034	
0.998092485549133	
0.9980943214629452	
0.9980961538461538	
0.9980979827089337	
0.9980806142034548	
0.9980824544582934	
0.9980842911877394	
0.9980861244019139	
0.9980879541108987	
0.9980897803247374	
0.9980916030534351	
0.998093422306959	
0.9980952380952381	
0.9980970504281637	
0.9980988593155894	
0.9981006647673314	
0.9981024667931688	
0.9981042654028436	
0.9981060606060606	
0.9981078524124882	
0.9980907372400756	
0.9980925401322002	
0.9980943396226415	
0.998096135721018	
0.9980979284369115	
0.9980997177798683	
0.9981015037593985	
0.9980845070422535	
0.9980863039399624	
0.9980880974695407	
0.9980898876404495	
0.9980916744621141	
0.9980934579439252	
0.9980952380952381	
0.9980970149253732	
0.998098788443616	
0.9981005586592179	
0.9981023255813953	
0.9981040892193308	
0.9981058495821727	
0.9981076066790352	
0.9981093605189991	
0.9981111111111111	
0.9981128584643848	
0.9981146025878004	
0.9981163434903048	
0.9981180811808118	
0.9981198156682027	
0.9981215469613259	
0.9981232750689972	
0.998125	
0.9981267217630854	
0.9981284403669725	
0.9981301558203483	
0.9981318681318682	
0.9981335773101555	
0.9981352833638025	
0.9981369863013698	
0.9981386861313869	
0.9981403828623518	
0.9981420765027322	
0.9981437670609645	
0.9981454545454546	
0.9981471389645776	
0.9981488203266787	
0.9981504986400725	
0.9981521739130435	
0.9981538461538462	
0.9981555153707052	
0.9981571815718158	
0.998158844765343	
0.9981605049594229	
0.9981621621621621	
0.9981638163816382	
0.9981654676258993	
0.9981671159029649	
0.9981687612208259	
0.9981704035874439	
0.9981720430107527	
0.9981736794986571	
0.998175313059034	
0.9981769436997319	
0.9981785714285715	
0.9981801962533452	
0.9981818181818182	
0.9981834372217275	
0.9981850533807829	
0.9981866666666667	
0.9981882770870337	
0.998189884649512	
0.9981914893617021	
0.998193091231178	
0.9981946902654867	
0.9981962864721485	
0.9981978798586573	
0.9981994704324801	
0.9982010582010582	
0.9982026431718062	
0.9982042253521127	
0.9982058047493404	
0.998207381370826	
0.9982089552238806	
0.9982105263157894	
0.9982120946538124	
0.9982136602451839	
0.9982152230971129	
0.9982167832167832	
0.9982183406113537	
0.9982198952879581	
0.9982214472537053	
0.9982229965156795	
0.99822454308094	
0.9982260869565217	
0.9982276281494352	
0.9982291666666666	
0.9982307025151778	
0.9982322357019064	
0.9982337662337663	
0.9982352941176471	
0.9982368193604149	
0.9982383419689119	
0.9982226056945642	
0.9981896551724138	
0.9981912144702842	
0.9981927710843373	
0.9981943250214961	
0.9981958762886598	
0.9981974248927039	
0.9981989708404803	
0.9982005141388175	
0.9982020547945205	
0.9982035928143712	
0.9982051282051282	
0.998206660973527	
0.9982081911262799	
0.9982097186700767	
0.9981771720613288	
0.9981617021276595	
0.9981462585034013	
0.9981478334749363	
0.9981324278438031	
0.998117048346056	
0.9981186440677966	
0.9981202370872142	
0.9981218274111675	
0.9981234150464919	
0.998125	
0.9981265822784811	
0.9981281618887016	
0.9981297388374052	
0.9981313131313131	
0.9981328847771236	
0.9981344537815126	
0.9981360201511335	
0.9981375838926174	
0.9981391450125734	
0.998140703517588	
0.998142259414226	
0.9981438127090301	
0.9981453634085213	
0.9981469115191987	
0.9981484570475396	
0.99815	
0.9981515403830141	
0.998153078202995	
0.9981546134663342	
0.998156146179402	
0.9981576763485477	
0.9981592039800995	
0.9981607290803646	
0.9981622516556291	
0.9981637717121588	
0.9981652892561983	
0.998166804293972	
0.9981683168316832	
0.9981698268755153	
0.998171334431631	
0.9981728395061729	
0.9981743421052631	
0.9981758422350041	
0.9981773399014778	
0.9981788351107466	
0.9981803278688525	
0.9981818181818182	
0.9981833060556465	
0.9981847914963206	
0.9981862745098039	
0.9981714285714286	
0.9981729200652528	
0.9981744091279544	
0.9981758957654723	
0.9981773799837266	
0.9981788617886179	
0.9981803411860276	
0.9981818181818182	
0.9981832927818329	
0.9981523500810373	
0.9981538461538462	
0.9981553398058253	
0.9981568310428456	
0.9981583198707593	
0.9981598062953995	
0.9981612903225806	
0.9981627719580983	
0.9981642512077294	
0.9981657280772325	
0.9981672025723473	
0.9981686746987952	
0.9981701444622793	
0.9981716118684844	
0.9981730769230769	
0.9981745396317053	
0.998176	
0.9981774580335732	
0.9981789137380191	
0.9981803671189146	
0.9981818181818182	
0.9981832669322709	
0.9981847133757962	
0.9981861575178997	
0.99818759936407	
0.9981890389197776	
0.9981904761904762	
0.9981919111816019	
0.9981933438985737	
0.9981947743467934	
0.9981962025316455	
0.998197628458498	
0.9981990521327014	
0.9982004735595896	
0.9982018927444795	
0.9982033096926713	
0.9982047244094489	
0.9982061369000786	
0.9982075471698113	
0.9982089552238806	
0.9982103610675039	
0.9982117647058824	
0.9982131661442006	
0.9982145653876272	
0.9982159624413146	
0.9982173573103987	
0.99821875	
0.9982201405152225	
0.9982215288611545	
0.9982229150428683	
0.9982242990654205	
0.9982256809338521	
0.9982270606531882	
0.9982284382284382	
0.9982298136645963	
0.9982311869666408	
0.9982325581395349	
0.9982339271882262	
0.9982352941176471	
0.9982366589327146	
0.9982380216383308	
0.9982393822393822	
0.9982407407407408	
0.9982420971472629	
0.9982434514637905	
0.9982448036951501	
0.9982461538461539	
0.9982475019215987	
0.9982488479262673	
0.9982501918649271	
0.9982515337423313	
0.9982528735632183	
0.9982542113323124	
0.9982555470543228	
0.9982568807339449	
0.9982582123758594	
0.9982595419847329	
0.9982608695652174	
0.9982621951219512	
0.9982635186595583	
0.9982648401826484	
0.9982661596958174	
0.9982674772036474	
0.9982687927107061	
0.9982701062215478	
0.9982714177407127	
0.9982727272727273	
0.9982740348221044	
0.9982753403933434	
0.9982766439909297	
0.9982779456193354	
0.9982792452830189	
0.9982805429864253	
0.9982818387339865	
0.9982831325301205	
0.9982844243792325	
0.9982857142857143	
0.9982870022539444	
0.9982882882882883	
0.9982895723930982	
0.9982908545727136	
0.9982921348314606	
0.9982934131736527	
0.9982946896035901	
0.9982959641255605	
0.9982972367438386	
0.9982985074626866	
0.9982848620432513	
0.9982563338301044	
0.9982576321667908	
0.9982589285714286	
0.9982602230483272	
0.9982615156017831	
0.9982628062360802	
0.9982640949554896	
0.9982653817642698	
0.9982666666666666	
0.9982679496669133	
0.9982692307692308	
0.9982705099778271	
0.998271787296898	
0.9982730627306273	
0.9982743362831858	
0.9982756079587325	
0.9982768777614138	
0.9982781456953642	
0.9982794117647059	
0.9982806759735489	
0.9982819383259912	
0.9982831988261188	
0.9982697947214076	
0.9982564102564102	
0.9982576866764276	
0.9982589612289685	
0.9982602339181287	
0.9982615047479912	
0.9982627737226277	
0.9982640408460978	
0.998265306122449	
0.9982665695557174	
0.9982678311499272	
0.9982690909090909	
0.9982703488372093	
0.9982716049382716	
0.9982728592162554	
0.9982741116751269	
0.9982753623188406	
0.9982766111513396	
0.9982778581765557	
0.9982791033984093	
0.9982803468208092	
0.9982815884476535	
0.9982828282828283	
0.998284066330209	
0.99828530259366	
0.9982865370770339	
0.9982877697841727	
0.9982890007189072	
0.9982902298850574	
0.9982914572864322	
0.9982926829268293	
0.9982939068100358	
0.9982951289398281	
0.9982963493199714	
0.9982975679542203	
0.9982987848463188	
0.9983	
0.9983012134189865	
0.99830242510699	
0.998303635067712	
0.9983048433048433	
0.9983060498220641	
0.9983072546230441	
0.9983084577114428	
0.9983096590909091	
0.9983108587650816	
0.9983120567375886	
0.9983132530120482	
0.998314447592068	
0.9983156404812455	
0.9983168316831683	
0.9983180212014134	
0.9983192090395481	
0.9983203952011291	
0.9983215796897038	
0.998322762508809	
0.9983239436619719	
0.9983251231527094	
0.9983263009845288	
0.9983274771609276	
0.9983286516853933	
0.9983298245614035	
0.9983309957924263	
0.9983321653819202	
0.9983333333333333	
0.998334499650105	
0.9983356643356643	
0.9983368273934312	
0.9983379888268157	
0.9983391486392185	
0.9983403068340306	
0.9983414634146341	
0.9983426183844011	
0.9983437717466945	
0.9983449235048679	
0.9983460736622655	
0.9983472222222223	
0.9983483691880638	
0.9983495145631068	
0.9983506583506584	
0.9983518005540166	
0.9983529411764706	
0.9983540802213001	
0.998355217691776	
0.9983563535911603	
0.9983574879227053	
0.9983586206896552	
0.9983597518952446	
0.9983608815426998	
0.9983620096352375	
0.998363136176066	
0.9983642611683848	
0.9983653846153846	
0.998366506520247	
0.9983676268861454	
0.998368745716244	
0.9983698630136987	
0.9983709787816564	
0.9983720930232558	
0.9983732057416268	
0.9983606557377049	
0.9983617747440273	
0.9983628922237381	
0.9983640081799591	
0.9983651226158038	
0.9983662355343771	
0.9983673469387755	
0.998368456832087	
0.9983695652173913	
0.9983706720977596	
0.998371777476255	
0.9983728813559322	
0.9983739837398374	
0.9983750846310088	
0.9983761840324763	
0.9983772819472616	
0.9983783783783784	
0.9983794733288319	
0.9983805668016195	
0.9983816587997303	
0.9983827493261456	
0.9983838383838384	
0.9983849259757739	
0.9983860121049092	
0.9983870967741936	
0.9983881799865681	
0.9983892617449664	
0.9983903420523139	
0.9983914209115281	
0.9983924983255191	
0.9983935742971888	
0.9983946488294314	
0.9983957219251337	
0.9983967935871744	
0.9983978638184245	
0.9983989326217478	
0.9984	
0.9984010659560293	
0.9984021304926765	
0.9984031936127744	
0.9984042553191489	
0.998405315614618	
0.998406374501992	
0.9984074319840743	
0.9984084880636604	
0.9984095427435388	
0.9984105960264901	
0.9984116479152879	
0.9984126984126984	
0.9984137475214805	
0.9984015852047556	
0.9983630363036303	
0.9983641160949868	
0.9983651944627554	
0.9983662714097497	
0.9983673469387755	
0.9983684210526316	
0.9983694937541091	
0.9983705650459921	
0.9983716349310571	
0.9983727034120735	
0.9983737704918033	
0.9983748361730013	
0.9983759004584152	
0.9983769633507853	
0.998378024852845	
0.9983790849673203	
0.9983801436969301	
0.9983812010443864	
0.9983692106979778	
0.9983702737940026	
0.998371335504886	
0.9983723958333334	
0.998373454782043	
0.9983745123537061	
0.9983755685510072	
0.9983766233766234	
0.9983776768332252	
0.998378728923476	
0.9983797796500324	
0.998380829015544	
0.9983818770226537	
0.9983829236739974	
0.9983839689722043	
0.9983850129198967	
0.9983860555196902	
0.9983870967741936	
0.998388136686009	
0.998389175257732	
0.998390212491951	
0.9983912483912484	
0.9983922829581994	
0.9983933161953727	
0.9983943481053308	
0.998395378690629	
0.9983964079538166	
0.9983974358974359	
0.9983984625240231	
0.9983994878361075	
0.9984005118362124	
0.9984015345268542	
0.9984025559105432	
0.9984035759897829	
0.9984045947670709	
0.998405612244898	
0.9984066284257489	
0.9984076433121019	
0.998408656906429	
0.9983969465648855	
0.9983725365543548	
0.9983735705209656	
0.9983746031746031	
0.9983756345177665	
0.9983766645529486	
0.9983776932826363	
0.9983787207093097	
0.9983797468354431	
0.9983807716635041	
0.9983817951959545	
0.9983828174352495	
0.9983838383838384	
0.998384858044164	
0.9983858764186633	
0.998374291115312	
0.9983375314861461	
0.9983385777218377	
0.9983396226415094	
0.998340666247643	
0.9983417085427135	
0.9983427495291902	
0.9983437892095358	
0.9983448275862069	
0.9983208020050125	
0.9983218534752661	
0.9983229036295369	
0.9983239524702939	
0.998325	
0.9982760774515927	
0.9982771535580525	
0.9982782283218965	
0.998279301745636	
0.9982803738317757	
0.9982814445828144	
0.9982825140012446	
0.9982835820895523	
0.9982846488502175	
0.9982857142857143	
0.9982867783985102	
0.998287841191067	
0.99828890266584	
0.9982899628252788	
0.9982910216718266	
0.9982920792079208	
0.9982931354359926	
0.9982941903584672	
0.998295243977764	
0.9982962962962963	
0.9982973473164714	
0.9982983970406905	
0.9982994454713493	
0.9983004926108374	
0.9983015384615385	
0.9983025830258303	
0.9983036263060848	
0.9983046683046684	
0.9983057090239411	
0.9983067484662577	
0.9983077866339669	
0.9983088235294117	
0.9983098591549295	
0.9983108935128518	
0.9983119266055046	
0.9983129584352078	
0.9983139890042761	
0.9983150183150183	
0.9983160463697377	
0.9983170731707317	
0.9983180987202925	
0.9983191230207065	
0.9983201460742545	
0.9983090024330901	
0.9983100303951368	
0.9983110571081409	
0.9983120825743776	
0.9983131067961165	
0.9983141297756216	
0.9983151515151515	
0.9983161720169594	
0.998317191283293	
0.9983182093163945	
0.9983192261185007	
0.9983202416918429	
0.9983212560386473	
0.9983222691611345	
0.9983232810615199	
0.9983242917420133	
0.9983253012048193	
0.9983263094521373	
0.9983273164861612	
0.99832832230908	
0.998329326923077	
0.9983303303303304	
0.9983313325330132	
0.9983323335332933	
0.9983333333333333	
0.9983343319352906	
0.9983353293413174	
0.9983363255535608	
0.9983373205741627	
0.99833831440526	
0.9983393070489844	
0.9983402985074626	
0.9983412887828162	
0.9983422778771616	
0.9983432657926102	
0.9983442525312686	
0.9983452380952381	
0.9983462224866151	
0.9983472057074911	
0.9983481877599525	
0.9983491686460808	
0.9983501483679526	
0.9983511269276394	
0.9983521043272081	
0.9983530805687204	
0.9983540556542333	
0.9983550295857988	
0.9983560023654642	
0.9983569739952719	
0.9983579444772593	
0.9983589138134593	
0.9983598820058998	
0.9983608490566038	
0.9983618149675899	
0.9983627797408716	
0.9983637433784579	
0.9983647058823529	
0.9983656672545561	
0.9983666274970623	
0.9983675866118614	
0.9983685446009389	
0.9983695014662757	
0.9983704572098476	
0.9983714118336262	
0.9983723653395784	
0.9983733177296664	
0.9983742690058479	
0.9983635300993571	
0.9983644859813084	
0.9983654407472271	
0.9983663943990665	
0.9983673469387755	
0.9983682983682983	
0.9983692486895749	
0.9983701979045402	
0.9983711460151251	
0.9983720930232558	
0.9983730389308542	
0.9983739837398374	
0.9983749274521184	
0.9983758700696056	
0.9983768115942029	
0.99837775202781	
0.9983786913723219	
0.9983796296296297	
0.9983805668016195	
0.9983815028901734	
0.9983824378971693	
0.9983833718244803	
0.9983843046739758	
0.9983852364475202	
0.998386167146974	
0.9983870967741936	
0.9983880253310305	
0.9983889528193326	
0.998389879240943	
0.9983908045977011	
0.9983917288914417	
0.9983926521239954	
0.9983935742971888	
0.9983944954128441	
0.9983954154727793	
0.9983963344788087	
0.9983972524327418	
0.9983981693363845	
0.998399085191538	
0.9984	
0.9984009137635637	
0.9984018264840183	
0.9984027381631488	
0.9984036488027366	
0.9984045584045584	
0.9984054669703872	
0.9983494593056346	
0.9983390216154722	
0.9983399658897101	
0.9983409090909091	
0.9983418512208972	
0.9983427922814982	
0.9983437322745321	
0.998344671201814	
0.9983456090651558	
0.9983465458663646	
0.998347481607244	
0.9983484162895928	
0.9983493499152063	
0.9983502824858757	
0.9983512140033879	
0.9983521444695259	
0.9983530738860689	
0.9983540022547914	
0.9983549295774647	
0.9983558558558558	
0.9983567810917277	
0.9983577052868391	
0.9983586284429454	
0.9983595505617977	
0.9983604716451432	
0.998361391694725	
0.9983623107122827	
0.9983632286995515	
0.9983641456582633	
0.9983650615901456	
0.9983659764969223	
0.9983668903803132	
0.9983678032420347	
0.9983687150837989	
0.9983696259073144	
0.9983705357142857	
0.9983714445064138	
0.9983723522853958	
0.9983732590529248	
0.9983741648106904	
0.9983750695603784	
0.9983759733036708	
0.9983768760422457	
0.9983777777777778	
0.9983786785119378	
0.9983795782463929	
0.9983804769828064	
0.9983813747228382	
0.9983822714681441	
0.9983831672203766	
0.9983840619811842	
0.9983849557522124	
0.9983858485351023	
0.9983867403314917	
0.9983876311430149	
0.9983885209713024	
0.9983894098179813	
0.9983902976846748	
0.9983911845730028	
0.9983920704845815	
0.9983929554210237	
0.9983938393839384	
0.9983947223749313	
0.9983956043956044	
0.9983964854475563	
0.998397365532382	
0.998398244651673	
0.9983991228070176	
0.9984	
0.9984008762322015	
0.9984017515051998	
0.9984026258205689	
0.9984034991798797	
0.9984043715846994	
0.9984052430365921	
0.9983951965065502	
0.9983960720130933	
0.9983969465648855	
0.9983978201634878	
0.9983986928104576	
0.9983995645073489	
0.9984004352557128	
0.9984013050570962	
0.9984021739130435	
0.9984030418250951	
0.9984039087947882	
0.9984047748236571	
0.9984056399132321	
0.9984065040650406	
0.9984073672806068	
0.998408229561451	
0.9984090909090909	
0.9984099513250405	
0.9984108108108108	
0.9984116693679093	
0.9984125269978402	
0.9984133837021046	
0.9984142394822006	
0.9984150943396226	
0.9984159482758621	
0.9984168012924071	
0.9984176533907427	
0.9984185045723507	
0.9984193548387097	
0.998420204191295	
0.998421052631579	
0.9984004294149221	
0.9984012875536481	
0.998402144772118	
0.9984030010718113	
0.9984038564542046	
0.9984047109207709	
0.9984055644729802	
0.9984064171122995	
0.9984072688401924	
0.9984081196581197	
0.9984089695675387	
0.998409818569904	
0.9984106666666667	
0.9984115138592751	
0.9984123601491742	
0.9984132055378062	
0.9984140500266099	
0.9984148936170213	
0.9984157363104732	
0.9984165781083953	
0.9984174190122146	
0.9984182590233546	
0.998419098143236	
0.9984093319194062	
0.9983995760466349	
0.9984004237288135	
0.9984012705134993	
0.9984021164021164	
0.9984029613960868	
0.9983932346723045	
0.9983940834653988	
0.9983949313621964	
0.9983957783641161	
0.9983966244725738	
0.9983974696889826	
0.9983983140147523	
0.9983991574512902	
0.9984	
0.998400841662283	
0.9984016824395373	
0.9984025223331582	
0.9984033613445378	
0.9984041994750656	
0.998405036726128	
0.9984058730991086	
0.9984067085953878	
0.9984075432163436	
0.9984083769633508	
0.9984092098377813	
0.9984100418410042	
0.9984108729743858	
0.9984117032392894	
0.9984125326370757	
0.9984133611691023	
0.9984141888367241	
0.998415015641293	
0.9984158415841584	
0.9984166666666666	
0.9984174908901614	
0.9984183142559834	
0.9984191367654707	
0.9984199584199585	
0.9984207792207792	
0.9984215991692628	
0.9984224182667358	
0.9984232365145228	
0.9984240539139451	
0.9984248704663212	
0.9984256861729673	
0.998416149068323	
0.998416968442835	
0.9984177869700104	
0.9984186046511628	
0.9984194214876033	
0.9984202374806401	
0.998421052631579	
0.9984218669417225	
0.9984226804123711	
0.9984234930448223	
0.9984243048403707	
0.9984251158003088	
0.9984259259259259	
0.998426735218509	
0.9984275436793423	
0.9984283513097072	
0.998429158110883	
0.9984299640841457	
0.9984307692307692	
0.9984315735520246	
0.9984323770491803	
0.9984331797235023	
0.9984339815762538	
0.9984347826086957	
0.9984355828220859	
0.9984363822176802	
0.9984371807967314	
0.99843797856049	
0.9984387755102041	
0.9984395716471188	
0.9984403669724771	
0.9984411614875192	
0.9984419551934827	
0.998442748091603	
0.9984435401831129	
0.9984443314692425	
0.9984451219512195	
0.9984459116302692	
0.9984467005076142	
0.9984474885844749	
0.998448275862069	
0.9984490623416118	
0.9984498480243161	
0.9984506329113924	
0.9984514170040486	
0.9984522003034901	
0.9984529828109201	
0.9984537645275392	
0.9984545454545455	
0.9984553255931348	
0.9984561049445005	
0.9984568835098336	
0.9984576612903225	
0.9984584382871536	
0.9984592145015105	
0.9984599899345747	
0.9984607645875252	
0.9984615384615385	
0.998462311557789	
0.9984630838774485	
0.9984638554216867	
0.9984646261916709	
0.9984653961885657	
0.9984661654135338	
0.9984669338677354	
0.9984677015523284	
0.9984684684684685	
0.9984692346173086	
0.99847	
