successRadio:
1.0	
1.0	
1.0	
1.0	
1.0	
1.0	
1.0	
1.0	
1.0	
1.0	
1.0	
1.0	
1.0	
1.0	
1.0	
1.0	
1.0	
1.0	
1.0	
1.0	
1.0	
1.0	
1.0	
1.0	
1.0	
1.0	
1.0	
1.0	
1.0	
1.0	
1.0	
1.0	
1.0	
1.0	
1.0	
1.0	
1.0	
1.0	
1.0	
1.0	
1.0	
0.9990476190476191	
0.9990697674418605	
0.9990909090909091	
0.9991111111111111	
0.9991304347826087	
0.9991489361702127	
0.9991666666666666	
0.9991836734693877	
0.9992	
0.9992156862745099	
0.9992307692307693	
0.999245283018868	
0.9992592592592593	
0.9992727272727273	
0.9992857142857143	
0.9992982456140351	
0.9993103448275862	
0.9993220338983051	
0.9993333333333333	
0.999344262295082	
0.9993548387096775	
0.9993650793650793	
0.999375	
0.9993846153846154	
0.9987878787878788	
0.9988059701492538	
0.9988235294117647	
0.998840579710145	
0.9988571428571429	
0.9988732394366198	
0.9988888888888889	
0.9989041095890411	
0.9989189189189189	
0.9989333333333333	
0.9989473684210526	
0.9989610389610389	
0.9989743589743589	
0.9989873417721519	
0.999	
0.9990123456790123	
0.9990243902439024	
0.9990361445783132	
0.9990476190476191	
0.9990588235294118	
0.9990697674418605	
0.999080459770115	
0.9990909090909091	
0.9991011235955056	
0.9991111111111111	
0.9991208791208791	
0.9991304347826087	
0.9991397849462366	
0.9991489361702127	
0.9991578947368421	
0.9991666666666666	
0.9991752577319588	
0.9991836734693877	
0.9991919191919192	
0.9992	
0.9992079207920792	
0.9992156862745099	
0.9992233009708738	
0.9992307692307693	
0.9988571428571429	
0.9986792452830189	
0.9986915887850467	
0.9987037037037036	
0.9987155963302752	
0.9987272727272727	
0.9987387387387388	
0.99875	
0.9987610619469026	
0.9987719298245614	
0.9987826086956522	
0.9987931034482759	
0.9988034188034188	
0.9988135593220339	
0.9988235294117647	
0.9988333333333334	
0.9988429752066116	
0.9988524590163934	
0.9988617886178862	
0.9988709677419355	
0.99888	
0.9988888888888889	
0.9988976377952756	
0.99890625	
0.9984496124031008	
0.9984615384615385	
0.9984732824427481	
0.9984848484848485	
0.9984962406015038	
0.9985074626865672	
0.9985185185185185	
0.9985294117647059	
0.9985401459854014	
0.9985507246376811	
0.9985611510791367	
0.9985714285714286	
0.9985815602836879	
0.9985915492957746	
0.9986013986013986	
0.9986111111111111	
0.9986206896551724	
0.9986301369863013	
0.998639455782313	
0.9986486486486487	
0.9986577181208054	
0.9986666666666667	
0.9986754966887417	
0.9986842105263158	
0.9986928104575163	
0.9987012987012988	
0.9987096774193548	
0.9987179487179487	
0.9987261146496815	
0.9986075949367088	
0.9986163522012579	
0.998625	
0.9986335403726708	
0.998641975308642	
0.9986503067484662	
0.9986585365853659	
0.9986666666666667	
0.9986746987951807	
0.998682634730539	
0.9986904761904762	
0.998698224852071	
0.9987058823529412	
0.9987134502923977	
0.9987209302325581	
0.998728323699422	
0.998735632183908	
0.9987428571428572	
0.99875	
0.9987570621468926	
0.9987640449438202	
0.9987709497206704	
0.9987777777777778	
0.9987845303867403	
0.9986813186813187	
0.9985792349726776	
0.9985869565217391	
0.9985945945945945	
0.9986021505376345	
0.9986096256684492	
0.9986170212765958	
0.9986243386243386	
0.9986315789473684	
0.9986387434554974	
0.9986458333333333	
0.9986528497409326	
0.998659793814433	
0.9986666666666667	
0.9986734693877551	
0.9986802030456853	
0.9986868686868687	
0.9986934673366834	
0.9987	
0.9987064676616916	
0.9987128712871287	
0.9987192118226601	
0.9987254901960785	
0.9987317073170732	
0.99873786407767	
0.998743961352657	
0.99875	
0.9987559808612441	
0.9987619047619047	
0.9987677725118483	
0.9987735849056604	
0.9987793427230047	
0.998785046728972	
0.9987906976744186	
0.9987962962962963	
0.9988018433179724	
0.9988073394495413	
0.9988127853881279	
0.9986363636363637	
0.9986425339366516	
0.9986486486486487	
0.9986547085201793	
0.9986607142857142	
0.9986666666666667	
0.9986725663716814	
0.9986784140969163	
0.9986842105263158	
0.9986899563318777	
0.9986956521739131	
0.9987012987012988	
0.9987068965517242	
0.9987124463519313	
0.9987179487179487	
0.9987234042553191	
0.9987288135593221	
0.9987341772151899	
0.9987394957983193	
0.998744769874477	
0.99875	
0.9987551867219917	
0.9987603305785124	
0.9987654320987654	
0.9987704918032787	
0.9987755102040816	
0.998780487804878	
0.9987854251012146	
0.9987903225806452	
0.9987951807228915	
0.9988	
0.998804780876494	
0.9985714285714286	
0.9985770750988142	
0.9985826771653543	
0.9985882352941177	
0.99859375	
0.9985992217898833	
0.9986046511627907	
0.9986100386100386	
0.9986153846153846	
0.9986206896551724	
0.9986259541984733	
0.9986311787072243	
0.9986363636363637	
0.9986415094339622	
0.9986466165413533	
0.9986516853932584	
0.9986567164179104	
0.9986617100371747	
0.9986666666666667	
0.9986715867158672	
0.9986764705882353	
0.9986813186813187	
0.9986861313868614	
0.9986909090909091	
0.9985507246376811	
0.9985559566787003	
0.9985611510791367	
0.9985663082437276	
0.9985	
0.9982918149466192	
0.9982978723404256	
0.9983038869257951	
0.9983098591549295	
0.9983157894736842	
0.9983216783216783	
0.9983275261324042	
0.9983333333333333	
0.9983391003460208	
0.9983448275862069	
0.9983505154639175	
0.9983561643835617	
0.9983617747440273	
0.9983673469387755	
0.9983728813559322	
0.9983783783783784	
0.9983838383838384	
0.9983892617449664	
0.9983946488294314	
0.9984	
0.998405315614618	
0.9984105960264901	
0.9984158415841584	
0.998421052631579	
0.9983606557377049	
0.9983660130718954	
0.998371335504886	
0.9983766233766234	
0.9983818770226537	
0.9983870967741936	
0.9983922829581994	
0.9983974358974359	
0.9984025559105432	
0.998343949044586	
0.9983492063492063	
0.9983544303797468	
0.9983596214511041	
0.9983647798742138	
0.9983699059561129	
0.998375	
0.998380062305296	
0.9982608695652174	
0.998266253869969	
0.9982716049382716	
0.9982769230769231	
0.9982822085889571	
0.9982874617737003	
0.9982926829268293	
0.9982978723404256	
0.9983030303030302	
0.9983081570996979	
0.9983132530120482	
0.9983183183183183	
0.9982634730538922	
0.998268656716418	
0.9982738095238095	
0.9982789317507419	
0.998284023668639	
0.9982300884955753	
0.9982352941176471	
0.9982404692082112	
0.9982456140350877	
0.9982507288629737	
0.9982558139534884	
0.9982608695652174	
0.9982658959537573	
0.9982708933717579	
0.9982758620689656	
0.9982808022922636	
0.9982857142857143	
0.9982905982905983	
0.9982954545454545	
0.998300283286119	
0.9983050847457627	
0.9983098591549295	
0.998314606741573	
0.9983193277310924	
0.9983240223463687	
0.9983286908077994	
0.9983333333333333	
0.9983379501385041	
0.9983425414364641	
0.9983471074380166	
0.9983516483516484	
0.9983561643835617	
0.9983606557377049	
0.9983651226158038	
0.9983695652173913	
0.9983739837398374	
0.9983783783783784	
0.9983827493261456	
0.9983870967741936	
0.9983914209115281	
0.9983957219251337	
0.9984	
0.9984042553191489	
0.9984084880636604	
0.9984126984126984	
0.9984168865435357	
0.998421052631579	
0.9984251968503937	
0.9984293193717277	
0.9984334203655353	
0.9984375	
0.9984415584415585	
0.9984455958549223	
0.9984496124031008	
0.9984536082474227	
0.9984575835475579	
0.9984615384615385	
0.99846547314578	
0.9984693877551021	
0.9984732824427481	
0.9984771573604061	
0.9984810126582279	
0.9984848484848485	
0.9984886649874055	
0.9984924623115577	
0.9984962406015038	
0.9985	
0.9985037406483791	
0.9985074626865672	
0.9985111662531018	
0.9985148514851485	
0.9985185185185185	
0.9985221674876847	
0.9985257985257985	
0.9984803921568628	
0.9984841075794622	
0.9984878048780488	
0.9984914841849148	
0.998495145631068	
0.9984503631961259	
0.9984057971014493	
0.9984096385542168	
0.9984134615384616	
0.9984172661870504	
0.998421052631579	
0.9984248210023866	
0.9984285714285714	
0.9984323040380048	
0.998436018957346	
0.9984397163120567	
0.9984433962264151	
0.9984470588235295	
0.9984507042253521	
0.9984543325526932	
0.9984579439252337	
0.9984615384615385	
0.9984651162790698	
0.9984686774941995	
0.9984722222222222	
0.9984757505773673	
0.9984792626728111	
0.9984827586206897	
0.99848623853211	
0.9984897025171625	
0.9984931506849315	
0.998496583143508	
0.9985	
0.9985034013605442	
0.9985067873303167	
0.998510158013544	
0.9985135135135135	
0.9985168539325843	
0.9985201793721973	
0.9985234899328859	
0.9985267857142858	
0.9985300668151448	
0.9985333333333334	
0.9985365853658537	
0.9985398230088496	
0.9985430463576159	
0.9984140969162996	
0.9984175824175824	
0.998421052631579	
0.9984245076586433	
0.9984279475982533	
0.9984313725490196	
0.9984347826086957	
0.9984381778741865	
0.9984415584415585	
0.9984449244060475	
0.998448275862069	
0.9984516129032258	
0.9984549356223176	
0.9984582441113491	
0.9984615384615385	
0.9984648187633263	
0.9984255319148936	
0.9984288747346072	
0.9984322033898305	
0.9984355179704016	
0.9984388185654008	
0.9983578947368421	
0.9983613445378151	
0.9983647798742138	
0.9983682008368201	
0.9983716075156576	
0.998375	
0.9983783783783784	
0.9983817427385893	
0.998343685300207	
0.9983471074380166	
0.9983505154639175	
0.9983539094650206	
0.9983572895277207	
0.9983606557377049	
0.9983640081799591	
0.9983673469387755	
0.9983706720977596	
0.9983739837398374	
0.9983772819472616	
0.9983805668016195	
0.9983838383838384	
0.9983870967741936	
0.9983903420523139	
0.9983935742971888	
0.9983967935871744	
0.9984	
0.9983632734530938	
0.9983665338645419	
0.9983697813121273	
0.9983730158730159	
0.9983762376237624	
0.9983794466403162	
0.9983826429980276	
0.9983464566929133	
0.9983497053045186	
0.9983529411764706	
0.9983561643835617	
0.998359375	
0.9983625730994152	
0.9983657587548638	
0.9983689320388349	
0.9983720930232558	
0.9983752417794971	
0.9983783783783784	
0.9983815028901734	
0.9983846153846154	
0.9983877159309021	
0.9983908045977011	
0.9983938814531549	
0.9983969465648855	
0.9984	
0.9984030418250951	
0.9984060721062619	
0.9984090909090909	
0.9984120982986767	
0.9984150943396226	
0.9984180790960452	
0.998421052631579	
0.9984240150093808	
0.9984269662921348	
0.9984299065420561	
0.9984328358208955	
0.9984357541899441	
0.9984386617100371	
0.9984415584415585	
0.9984444444444445	
0.9984473197781886	
0.998450184501845	
0.9984530386740331	
0.9984558823529411	
0.9984587155963303	
0.9984615384615385	
0.9984643510054845	
0.9984671532846715	
0.9984699453551913	
0.9984727272727273	
0.998475499092559	
0.9984782608695653	
0.9984810126582279	
0.9984837545126354	
0.9984864864864865	
0.9984892086330935	
0.998491921005386	
0.998494623655914	
0.9984973166368515	
0.9985	
0.9985026737967915	
0.9985053380782918	
0.9985079928952043	
0.9985106382978723	
0.9985132743362832	
0.9985159010600707	
0.9983774250440917	
0.9983098591549295	
0.9983128295254833	
0.9983157894736842	
0.9983187390542907	
0.9982517482517482	
0.9982547993019197	
0.9982578397212544	
0.9982608695652174	
0.9982638888888888	
0.9982668977469671	
0.9982698961937716	
0.998272884283247	
0.9982758620689656	
0.9982788296041308	
0.9982817869415808	
0.9982847341337907	
0.9982876712328768	
0.9982905982905983	
0.9982935153583617	
0.9982964224872232	
0.9982993197278912	
0.99830220713073	
0.9983050847457627	
0.9983079526226735	
0.9983108108108109	
0.9983136593591906	
0.9982828282828283	
0.9982857142857143	
0.9982885906040269	
0.9982914572864322	
0.9982943143812709	
0.9982971619365609	
0.9983	
0.9983028286189684	
0.9983056478405316	
0.9983084577114428	
0.9983112582781457	
0.9983140495867768	
0.9983168316831683	
0.9983196046128501	
0.9983223684210526	
0.9983251231527094	
0.998327868852459	
0.9983306055646481	
0.9983333333333333	
0.9983360522022838	
0.9983387622149837	
0.9983414634146341	
0.9983441558441558	
0.9983468395461913	
0.9983495145631068	
0.9983521809369952	
0.9983548387096775	
0.9983574879227053	
0.9983601286173633	
0.9983627608346709	
0.9983653846153846	
0.998368	
0.998370607028754	
0.9983732057416268	
0.9983757961783439	
0.9983783783783784	
0.9983809523809524	
0.9983835182250396	
0.9983860759493671	
0.998388625592417	
0.998391167192429	
0.9983937007874015	
0.9983962264150943	
0.9983987441130299	
0.9984012539184953	
0.9984037558685446	
0.99840625	
0.9984087363494539	
0.998411214953271	
0.9984136858475894	
0.9983540372670807	
0.9983565891472869	
0.998359133126935	
0.9983616692426585	
0.9983641975308643	
0.998366718027735	
0.9983692307692308	
0.9983717357910906	
0.9983742331288343	
0.9983767228177641	
0.9983792048929664	
0.998381679389313	
0.9983536585365854	
0.9983561643835617	
0.9983586626139818	
0.998361153262519	
0.9983636363636363	
0.9983661119515885	
0.998368580060423	
0.9983710407239819	
0.9983734939759036	
0.998375939849624	
0.9983783783783784	
0.9983808095952024	
0.9983832335329341	
0.9983856502242152	
0.9983880597014926	
0.9983904619970194	
0.9983928571428572	
0.9983952451708766	
0.9983976261127596	
0.9984	
0.9984023668639054	
0.9984047267355982	
0.9984070796460177	
0.9984094256259205	
0.9984117647058823	
0.9984140969162996	
0.99841642228739	
0.9984187408491947	
0.998421052631579	
0.9984233576642336	
0.9984256559766764	
0.9984279475982533	
0.9984302325581396	
0.9984325108853411	
0.9984347826086957	
0.9984370477568741	
0.9984393063583815	
0.9984415584415585	
0.9984438040345821	
0.9984460431654676	
0.998448275862069	
0.9984505021520803	
0.9984527220630373	
0.9984549356223176	
0.9984571428571428	
0.9984593437945791	
0.9984615384615385	
0.9984637268847795	
0.998465909090909	
0.998468085106383	
0.9984702549575071	
0.9984724186704385	
0.9984745762711864	
0.9984767277856136	
0.9984788732394366	
0.9984810126582279	
0.9984831460674157	
0.9984852734922861	
0.9984873949579832	
0.9984895104895105	
0.9984916201117319	
0.9984937238493724	
0.9984958217270195	
0.9984979137691238	
0.9985	
0.998502080443828	
0.9985041551246537	
0.99850622406639	
0.9985082872928177	
0.9985103448275862	
0.9985123966942149	
0.9985144429160935	
0.9985164835164835	
0.9985185185185185	
0.9985205479452055	
0.9985225718194255	
0.9985245901639345	
0.9985266030013643	
0.9985286103542235	
0.9985306122448979	
0.9985326086956522	
0.9985345997286296	
0.9985365853658537	
0.9985385656292287	
0.9985405405405405	
0.9985425101214574	
0.998544474393531	
0.9985464333781965	
0.9985483870967742	
0.9985503355704698	
0.9985522788203753	
0.9985542168674699	
0.9985561497326203	
0.9985580774365821	
0.99856	
0.9985619174434088	
0.998563829787234	
0.9985657370517929	
0.9985676392572944	
0.998569536423841	
0.9985714285714286	
0.9985733157199471	
0.9985488126649077	
0.9985507246376811	
0.9985526315789474	
0.9985545335085414	
0.9985564304461942	
0.9985583224115334	
0.9985602094240837	
0.998562091503268	
0.9985639686684074	
0.9985658409387222	
0.9985677083333333	
0.9985695708712614	
0.9985714285714286	
0.9985732814526589	
0.9985751295336788	
0.9985769728331177	
0.998578811369509	
0.9985806451612903	
0.9985824742268041	
0.9985842985842985	
0.998586118251928	
0.9985879332477535	
0.9985897435897436	
0.9985915492957746	
0.9985421994884911	
0.998544061302682	
0.998545918367347	
0.9985477707006369	
0.9985496183206107	
0.9985514612452351	
0.9985532994923858	
0.9985551330798479	
0.9985569620253164	
0.9985587863463969	
0.998560606060606	
0.998562421185372	
0.9985642317380352	
0.9985660377358491	
0.9985678391959799	
0.9985696361355082	
0.9985714285714286	
0.9985732165206508	
0.998575	
0.9985518102372035	
0.9985286783042394	
0.9985305105853051	
0.9985323383084577	
0.9985341614906832	
0.9985359801488833	
0.9985377942998761	
0.9985396039603961	
0.9985414091470952	
0.9985432098765432	
0.9985450061652281	
0.9985467980295567	
0.9985485854858549	
0.9985503685503686	
0.9985521472392638	
0.9985539215686274	
0.9985556915544676	
0.9985574572127139	
0.9985592185592186	
0.9985609756097561	
0.9985627283800244	
0.9985644768856448	
0.9985662211421629	
0.9985679611650485	
0.998569696969697	
0.9985714285714286	
0.9985731559854897	
0.9985748792270531	
0.9985765983112184	
0.998578313253012	
0.9985800240673887	
0.9985817307692307	
0.9985834333733493	
0.9985851318944844	
0.9985868263473053	
0.9985885167464115	
0.9985902031063322	
0.9985918854415274	
0.9985935637663885	
0.9985952380952381	
0.9985969084423305	
0.9985985748218528	
0.9986002372479241	
0.9986018957345971	
0.998603550295858	
0.9986052009456264	
0.9986068476977568	
0.9986084905660377	
0.9986101295641931	
0.9986117647058823	
0.9986133960047003	
0.9986150234741784	
0.9986166471277843	
0.9986182669789228	
0.9986198830409356	
0.9986214953271028	
0.9986231038506418	
0.9986247086247086	
0.9986263096623982	
0.9986279069767442	
0.9986295005807201	
0.998631090487239	
0.9986326767091541	
0.9986342592592593	
0.998635838150289	
0.9986374133949192	
0.998638985005767	
0.9986405529953917	
0.9986421173762946	
0.9986436781609196	
0.9986452353616533	
0.9986467889908257	
0.9986483390607102	
0.9986498855835241	
0.9986514285714285	
0.9986529680365297	
0.998654503990878	
0.9986560364464693	
0.9986575654152446	
0.9986590909090909	
0.9986606129398411	
0.9986621315192744	
0.9986636466591167	
0.9986651583710408	
0.9986666666666667	
0.998668171557562	
0.9986245772266066	
0.9986261261261261	
0.9986276715410574	
0.998629213483146	
0.9986307519640854	
0.9986322869955157	
0.9986338185890258	
0.9986353467561522	
0.9986368715083799	
0.9986383928571428	
0.9986399108138239	
0.998641425389755	
0.9986429365962181	
0.9986444444444444	
0.998645948945616	
0.9986474501108648	
0.9986489479512736	
0.9986504424778762	
0.9986519337016575	
0.9986534216335541	
0.9986549062844542	
0.9986563876651983	
0.9986578657865787	
0.9986593406593407	
0.9986608122941822	
0.9986622807017543	
0.9986637458926616	
0.9986652078774617	
0.9986666666666667	
0.9986681222707423	
0.9986695747001091	
0.9986492374727669	
0.9986507072905332	
0.9986521739130435	
0.9986536373507058	
0.9986550976138828	
0.9986565547128927	
0.9986580086580087	
0.9986594594594594	
0.9986609071274298	
0.9986623516720604	
0.9986637931034483	
0.998665231431647	
0.9986666666666667	
0.9986680988184747	
0.9986695278969957	
0.9986709539121115	
0.9986723768736616	
0.9986737967914439	
0.9986538461538461	
0.9986552828175027	
0.9986567164179104	
0.9986581469648562	
0.9986595744680851	
0.9986609989373008	
0.9986624203821656	
0.9986638388123011	
0.9986652542372881	
0.9986666666666667	
0.9986680761099366	
0.9986694825765575	
0.9986708860759493	
0.9986512118018968	
0.9986526315789473	
0.9986540483701367	
0.998655462184874	
0.9986568730325288	
0.9986582809224319	
0.9986596858638743	
0.9986610878661087	
0.998662486938349	
0.9986638830897704	
0.9986652763295099	
0.9986666666666667	
0.9986680541103018	
0.9986694386694387	
0.9986708203530633	
0.9986721991701245	
0.9986735751295337	
0.9986749482401657	
0.9986763185108584	
0.9986776859504132	
0.9986790505675954	
0.998680412371134	
0.9986817713697219	
0.9986831275720165	
0.9986844809866393	
0.9986858316221766	
0.9986871794871794	
0.9986885245901639	
0.998689866939611	
0.9986912065439673	
0.9986925434116445	
0.9986938775510205	
0.9986952089704383	
0.9986965376782078	
0.9986978636826043	
0.9986991869918699	
0.9987005076142133	
0.9987018255578093	
0.9987031408308004	
0.9987044534412955	
0.998705763397371	
0.9986666666666667	
0.9986478304742684	
0.9986290322580645	
0.9986304128902316	
0.9986317907444668	
0.9986331658291457	
0.9986144578313253	
0.9986158475426279	
0.9986172344689379	
0.9986186186186187	
0.99862	
