1 2 800
2 1 800
1 6 1000
6 1 1000
2 3 1000
3 2 1000
2 6 950
6 2 950
3 4 250
4 3 250
3 5 1000
5 3 1000
3 7 1000
7 3 1000
4 5 800
5 4 800
4 7 850
7 4 850
5 8 1200
8 5 1200
6 7 1000
7 6 1000
6 9 1200
9 6 1200
6 11 1900
11 6 1900
7 8 1150
8 7 1150
7 9 1000
9 7 1000
8 10 900
10 8 900
9 10 1000
10 9 1000
9 11 1400
11 9 1400
9 12 1000
12 9 1000
10 13 950
13 10 950
10 14 850
14 10 850
11 12 900
12 11 900
11 15 1300
15 11 1300
11 19 2600
19 11 2600
12 13 900
13 12 900
12 16 1000
16 12 1000
13 14 650
14 13 650
13 17 1100
17 13 1100
14 18 1200
18 14 1200
15 16 600
16 15 600
15 20 1300
20 15 1300
16 17 1000
17 16 1000
16 21 1000
21 16 1000
16 22 800
22 16 800
17 18 800
18 17 800
17 22 850
22 17 850
17 23 1000
23 17 1000
18 24 900
24 18 900
19 20 1200
20 19 1200
20 21 700
21 20 700
21 22 300
22 21 300
22 23 600
23 22 600
23 24 900
24 23 900
